>> tic; q6_2; toc;
Size of training set is 21300, size of test set is 5340

accuracy =

                         1         0.733707865168539
                         2         0.724531835205993
                         5         0.747378277153558
                        10         0.747565543071161
                        15         0.747752808988764
                        20         0.746629213483146
                        30          0.74812734082397
                        40         0.743820224719101
                        50         0.741011235955056
                       100         0.728089887640449
                       250         0.693445692883895

Size of training set is 21330, size of test set is 5310

accuracy =

                         1         0.733707865168539         0.738418079096045
                         2         0.724531835205993         0.719585687382298
                         5         0.747378277153558         0.735781544256121
                        10         0.747565543071161         0.743126177024482
                        15         0.747752808988764         0.746327683615819
                        20         0.746629213483146         0.745951035781544
                        30          0.74812734082397         0.745951035781544
                        40         0.743820224719101         0.741996233521657
                        50         0.741011235955056         0.740677966101695
                       100         0.728089887640449         0.723540489642185
                       250         0.693445692883895         0.672504708097928

Size of training set is 21300, size of test set is 5340

accuracy =

                         1         0.733707865168539         0.738418079096045         0.675093632958802
                         2         0.724531835205993         0.719585687382298         0.687453183520599
                         5         0.747378277153558         0.735781544256121         0.688576779026217
                        10         0.747565543071161         0.743126177024482         0.694943820224719
                        15         0.747752808988764         0.746327683615819         0.695505617977528
                        20         0.746629213483146         0.745951035781544         0.697191011235955
                        30          0.74812734082397         0.745951035781544         0.695692883895131
                        40         0.743820224719101         0.741996233521657         0.697378277153558
                        50         0.741011235955056         0.740677966101695         0.696816479400749
                       100         0.728089887640449         0.723540489642185         0.689325842696629
                       250         0.693445692883895         0.672504708097928         0.661048689138577

Size of training set is 21300, size of test set is 5340

accuracy =

  Columns 1 through 4

                         1         0.733707865168539         0.738418079096045         0.675093632958802
                         2         0.724531835205993         0.719585687382298         0.687453183520599
                         5         0.747378277153558         0.735781544256121         0.688576779026217
                        10         0.747565543071161         0.743126177024482         0.694943820224719
                        15         0.747752808988764         0.746327683615819         0.695505617977528
                        20         0.746629213483146         0.745951035781544         0.697191011235955
                        30          0.74812734082397         0.745951035781544         0.695692883895131
                        40         0.743820224719101         0.741996233521657         0.697378277153558
                        50         0.741011235955056         0.740677966101695         0.696816479400749
                       100         0.728089887640449         0.723540489642185         0.689325842696629
                       250         0.693445692883895         0.672504708097928         0.661048689138577

  Column 5

         0.693258426966292
         0.696629213483146
         0.701498127340824
                       0.7
         0.693258426966292
         0.693632958801498
         0.684831460674157
         0.680898876404494
         0.678651685393258
         0.678277153558052
         0.660486891385768

Size of training set is 21330, size of test set is 5310

accuracy =

  Columns 1 through 4

                         1         0.733707865168539         0.738418079096045         0.675093632958802
                         2         0.724531835205993         0.719585687382298         0.687453183520599
                         5         0.747378277153558         0.735781544256121         0.688576779026217
                        10         0.747565543071161         0.743126177024482         0.694943820224719
                        15         0.747752808988764         0.746327683615819         0.695505617977528
                        20         0.746629213483146         0.745951035781544         0.697191011235955
                        30          0.74812734082397         0.745951035781544         0.695692883895131
                        40         0.743820224719101         0.741996233521657         0.697378277153558
                        50         0.741011235955056         0.740677966101695         0.696816479400749
                       100         0.728089887640449         0.723540489642185         0.689325842696629
                       250         0.693445692883895         0.672504708097928         0.661048689138577

  Columns 5 through 6

         0.693258426966292         0.659322033898305
         0.696629213483146         0.645951035781544
         0.701498127340824         0.673634651600753
                       0.7         0.677212806026365
         0.693258426966292         0.675517890772128
         0.693632958801498         0.683050847457627
         0.684831460674157         0.688512241054614
         0.680898876404494         0.689077212806026
         0.678651685393258         0.688888888888889
         0.678277153558052         0.670433145009416
         0.660486891385768         0.628060263653484

Mean accuracy on all the cross validation runs

